time,x,y,z,phi,theta,psi,x_velocity,y_velocity,z_velocity,phi_velocity,theta_velocity,psi_velocity,rotor_speed1,rotor_speed2,rotor_speed3,rotor_speed4
0.06,6.09750249026e-08,-5.05709011776e-08,10.0033713028,6.28285026471,6.28286446339,0.0,1.55427451746e-05,-1.5575446461e-05,0.112371557645,-0.0201290350107,-0.0190746537527,0.0,441.3506393248538,439.77386678622594,441.8828004539933,440.2207119111307
0.12000000000000001,1.29570874994e-05,-1.33526920307e-05,10.0149593331,6.28183493906,6.28174952226,0.0,0.000539829493644,-0.000550587540914,0.273870321277,-0.011176468267,-0.0176155602004,0.0,455.8853642715243,456.0019796222199,455.7409168267591,456.45587572456253
0.18,8.69093501522e-05,-8.25699448487e-05,10.0391784004,6.28194386925,6.28063373344,0.0,0.00206148774269,-0.00178176998049,0.533346437463,0.0198028636655,-0.0206341151082,0.0,484.91288674486447,484.6862024616457,483.99779391118847,486.32340097699586
0.23999999999999996,0.000280453451012,-0.000215275348504,10.0787740002,6.28312771467,6.27967941163,0.0,0.00452454386481,-0.00249374964086,0.786366916834,0.0195861637011,-0.00781721021913,0.0,483.029431641179,483.99498395749623,483.19937382639756,483.18297161564584
0.3,0.000623297981368,-0.000361714955356,10.1281413359,0.000725168961791,6.27905553819,0.0,0.00695639135509,-0.00228667943384,0.859158428949,-0.00512117075649,-0.0161358988124,0.0,429.5829448653583,428.8771843600578,429.47367303181124,427.37314013986685
0.36000000000000004,0.00113911158323,-0.000482014169373,10.1848561463,0.00141416828404,6.2777972189,0.0,0.0103595360038,-0.00168843935644,1.03119506197,0.0327444161803,-0.033018130476,0.0,461.153992127898,459.8186817837065,457.92053251868964,460.9224207114522
0.4200000000000001,0.00188046328192,-0.000546387080539,10.249867903,0.00303521598488,6.27556530788,0.0,0.0145661746159,-0.000269722956773,1.13576338714,0.0119684800488,-0.0472432525804,0.0,441.1501994948292,439.9734572574567,439.1635119542893,437.4372174833639
0.48000000000000015,0.0029302803911,-0.000493439677244,10.3219809291,0.00423986268623,6.27299478428,0.0,0.0207138249152,0.0021406410899,1.26786384667,0.0327094373796,-0.0352422221991,0.0,447.9553423055742,448.92903940580436,447.2617062503359,448.94754813208897
0.5400000000000001,0.00440393499748,-0.000264572126646,10.4022008579,0.00578528211029,6.27056372221,0.0,0.0286477708981,0.00568280362157,1.40597024505,0.00583606960084,-0.0539960983272,0.0,451.07822199513924,449.5604373900594,451.64494037863653,449.4726197439942
0.6000000000000002,0.00645252813779,0.000222617328733,10.4938724694,0.00625866467474,6.26765644428,0.0,0.0400109174918,0.0106060387144,1.64942570298,0.0117096138821,-0.0391995346958,0.0,481.35129609802857,482.4683305576247,482.2637754494865,482.7070556510283
0.6600000000000003,0.00923066973729,0.00101201316956,10.5988361421,0.00804216793374,6.26547966624,0.0,0.0528526294806,0.0158661643845,1.84905650065,0.0521344268123,-0.0310011891549,0.0,470.9819804361271,471.61505276398333,467.2860232695439,470.42668167503683
0.7200000000000003,0.0127960535237,0.00215255146975,10.7139740691,0.0107013746822,6.26385151824,0.0,0.0661763111929,0.0224709745181,1.9886352112,0.0201977993292,-0.0203512664407,0.0,453.02586615822054,453.88116058316444,453.07552652483486,450.50168033868596
0.7800000000000004,0.0171903958984,0.00373739917437,10.8372965086,0.0116772285218,6.26225375856,0.0,0.0804427950695,0.0304731500105,2.1218701195,0.00693071341575,-0.0437426287614,0.0,452.20830518840694,450.31998231628864,451.62674727548284,450.55537065935886
0.8400000000000004,0.0224510452694,0.00580390800056,10.9672150533,0.0119428129543,6.25927588126,0.0,0.0951848929055,0.0384430740693,2.2085770245,-0.00112301477445,-0.0652626777635,0.0,437.8164891177514,436.0206606623077,437.65437950929896,436.98349502852653
0.9000000000000005,0.0287087355454,0.00837537233109,11.1042802868,0.0117429566065,6.25580256246,0.0,0.113798810038,0.0472544580466,2.35995271441,-0.00815971317344,-0.0461804822956,0.0,456.4399926960137,457.95792785476414,458.3248317386896,457.76531608221126
0.9600000000000005,0.0361350292113,0.0114613488166,11.2496948177,0.010711086918,6.25362409194,0.0,0.133993514682,0.0555426478009,2.48692268722,-0.0495420779817,-0.0216011206937,0.0,449.45834671311036,451.4452250691481,452.8005426069013,449.4590613564875
1.0200000000000005,0.044840441029,0.0150213355109,11.4036189178,0.00791975781387,6.25291829675,0.0,0.156280995904,0.0628024421137,2.64353029734,-0.0410807325975,0.00290677289107,0.0,459.4749153116483,461.4138123409253,460.086517358988,460.7547063022864
1.0800000000000005,0.0549568008883,0.0189720805082,11.5690447513,0.00506006499188,6.25340046692,0.0,0.180872468341,0.0685697571528,2.87012564368,-0.065986742016,0.0167079770706,0.0,481.91163008296826,482.9535810909086,482.2273010167932,480.3409320617737
1.1400000000000006,0.0664757957379,0.0231836093706,11.7461255848,0.00105706431833,6.25447613089,0.0,0.202965262504,0.0713699885744,3.03215757948,-0.0682172681402,0.020261843554,0.0,463.35540588001936,463.6346276659866,464.42881770796055,464.25072483495023
1.2000000000000006,0.0792469301151,0.0274718341503,11.9312418956,6.28012358783,6.25581248347,0.0,0.222598548504,0.0711480847743,3.138104544,-0.069518303105,0.0260174806987,0.0,447.2805089586475,447.74903107221127,447.76696615645966,447.6575868613256
1.2600000000000007,0.0932252212424,0.0316522657152,12.1248806309,6.27598515455,6.25755452096,0.0,0.243141658853,0.0677296681165,3.3160241851,-0.0679072440454,0.0344705566581,0.0,470.016715294039,470.6715804195391,469.76963202676694,469.8912203271148
1.3200000000000007,0.108350119002,0.0355475916737,12.3274697825,6.27273769601,6.25972189573,0.0,0.260788604493,0.0617418220228,3.43659583476,-0.035382769649,0.0392375364374,0.0,453.64124437610724,454.024429683184,452.4306680633129,455.0396252887505
1.3800000000000008,0.124439303996,0.0390430570911,12.5352530191,6.27059208178,6.26212554511,0.0,0.275286224004,0.0545725860292,3.48935598714,-0.0365258885095,0.0416581400071,0.0,433.5245875817016,433.72880461841663,432.7953359333347,432.6985052990712
1.4400000000000008,0.141317166578,0.0420885037909,12.7445451775,6.26856811325,6.26453734411,0.0,0.287094168313,0.0467595184298,3.48705936499,-0.0286629787817,0.0371014593835,0.0,415.66956353104314,415.2709812667445,415.0144048357818,415.7034569448927
1.5000000000000009,0.15896451125,0.0445469197901,12.9593596436,6.26722525179,6.26625933879,0.0,0.300899742425,0.0350234215818,3.67284719519,-0.0121034623187,0.00109741011989,0.0,476.0367328832396,473.27372589368184,473.55598968710717,474.8280773988259
1.560000000000001,0.177296576315,0.0463810986827,13.1786866295,6.26703573116,6.26693858263,0.0,0.310134880768,0.0260802867618,3.63816309769,0.0104810290811,0.0264226738162,0.0,404.1901115226066,406.4662037720296,405.0496891440395,407.0758771799533
1.620000000000001,0.196275958657,0.0475709920086,13.4027460487,6.26833259746,6.26842987231,0.0,0.322321775108,0.0137114933866,3.82986659364,0.0377040870186,0.0215191691212,0.0,476.45579750738506,476.0807952379559,476.88710425808523,478.96207641814163
1.680000000000001,0.215922806831,0.0480849123001,13.6362574311,6.27059871162,6.26942987044,0.0,0.332442325715,0.00366440803831,3.95343171575,0.0378971928028,0.00456740645604,0.0,457.50403189562957,456.15216431269295,459.1531041598256,459.16905472398906
1.740000000000001,0.23617420014,0.0480311778697,13.8782778635,6.27274993468,6.26932230451,0.0,0.342580980098,-0.00520284025584,4.11335638469,0.0314178777394,-0.0192354624414,0.0,470.9104084544693,469.0654749721884,469.8617469964627,469.3596208212557
1.8000000000000012,0.257017549936,0.0475099475624,14.1281426426,6.27424584791,6.26797608508,0.0,0.352318611877,-0.0119896652163,4.21509747434,0.00698841889,-0.0297628347416,0.0,453.2526982281398,452.40574847170683,454.8177425217034,452.8568679837907
1.8600000000000012,0.278414713962,0.0466409876251,14.3802642855,6.27463133182,6.26692770251,0.0,0.361033299166,-0.016942856278,4.18904973669,0.00527279287643,-0.000185404261231,0.0,411.97801929571506,414.585190136006,412.5790860995058,412.4274670409159
1.9200000000000013,0.300395601306,0.0454560829652,14.6337887792,6.27445400124,6.2671385109,0.0,0.371646787092,-0.0225349871918,4.26149878173,-0.0294737512737,0.0100402959618,0.0,444.5724217882767,445.4095116050455,446.03278179990906,443.18577686201957
1.9800000000000013,0.322954407957,0.0439542129788,14.8883682494,6.27287269282,6.26761393836,0.0,0.380269832723,-0.0276650178193,4.2246203517,-0.0207526010413,0.00331362840575,0.0,409.73046461952305,409.1318232501319,409.39277605358683,410.16789377961646
2.0400000000000014,0.346063910432,0.042092683087,15.1433618163,6.27211143152,6.2682895405,0.0,0.389997959971,-0.0344755821132,4.27497751412,-0.000109451890399,0.023692174855,0.0,436.98848338326167,438.6839944046899,437.47396710611355,439.18971618664693
2.1000000000000014,0.369701212386,0.0398412580946,15.3987218585,6.27221251111,6.26957621406,0.0,0.397801419764,-0.0405694423909,4.23716775949,0.00505120264163,0.0165213016437,0.0,408.9713313432805,408.33209992608147,409.9194087993879,410.3777656568028
2.1600000000000015,0.393850400283,0.037174267465,15.6566125983,6.27236801102,6.27091414521,0.0,0.407039117161,-0.0483006236099,4.35873699002,-0.00284774521446,0.0318857448054,0.0,460.396125619238,461.6102747845287,459.98937382823505,459.363328687419
2.2200000000000015,0.418492104933,0.0340706453638,15.9194319459,6.27225542364,6.2738257619,0.0,0.414109630901,-0.0551649214697,4.40174850548,-1.25576505894e-06,0.0698138196222,0.0,434.8042023802252,437.971807373598,437.0879981145344,437.3252236577714
2.2800000000000016,0.443506040923,0.0305403358011,16.1860358541,6.27202336529,6.27772754617,0.0,0.419277388834,-0.0625187932406,4.48473487541,-0.0130114276621,0.0531539640336,0.0,450.8610651724564,449.51589501068514,449.82761607882895,448.77278587832336
2.3400000000000016,0.46874933742,0.0265727571638,16.4566055788,6.27084964008,6.28046356265,0.0,0.421875108991,-0.0698191991232,4.53406598184,-0.037770066253,0.0228419587338,0.0,440.62507514914483,438.1128414349583,441.3067534013021,439.2580685424738
2.4000000000000017,0.49409902059,0.0221521142641,16.7291671019,6.26894912539,6.2825351087,0.0,0.422952160994,-0.0777197277647,4.55125007769,-0.0216525165825,0.051191980242,0.0,429.2162743676569,431.6163575294258,428.6979936424616,430.06504327234967
2.4600000000000017,0.519470922731,0.0171549252959,17.0077543871,6.26854125165,0.00219206316241,0.0,0.422436232571,-0.0889287820914,4.73425626977,0.0129396934506,0.0383596009477,0.0,481.8173937210822,480.84730499385154,479.3117568392051,481.93381223823155
2.520000000000002,0.544761639054,0.0115544819691,17.2924222258,6.26881194454,0.00443390995729,0.0,0.420381282604,-0.0976945057447,4.75459103469,-0.0232746510147,0.0352953841913,0.0,433.1399990648363,432.88288551827026,433.8468854251158,430.7951085982618
2.580000000000002,0.569867681029,0.00536320763941,17.5826214353,6.266834963,0.00639644823382,0.0,0.41626111425,-0.108836607689,4.91802684786,-0.0724124776321,0.026957931755,0.0,477.43220365857803,476.79591116920636,478.5239618419692,474.767433359655
2.640000000000002,0.59470190122,-0.0015084701086,17.8799557765,6.26263796031,0.00794873083326,0.0,0.411391925026,-0.12063278869,4.99278737356,-0.0654335267998,0.0236048771888,0.0,452.2636168498107,451.99355051430354,450.6831377931708,451.24327007090403
2.700000000000002,0.619178512384,-0.00926133861272,18.1860634856,6.25865665469,0.00923805022416,0.0,0.404340915849,-0.138246852851,5.2098292532,-0.0682640689946,0.0168797162768,0.0,493.92930989152154,493.43298553677283,495.10840749617864,494.8973042430746
2.760000000000002,0.643263273154,-0.0180054204107,18.4987574553,6.25453466358,0.010049927758,0.0,0.398403835387,-0.153582466057,5.21327688839,-0.0695855108822,0.00581425960267,0.0,432.71692914072895,431.78416214887255,431.2025659632935,431.08717549364036
2.820000000000002,0.666976412633,-0.0277522618038,18.8119754056,6.25060501654,0.0102683474127,0.0,0.392009977805,-0.17167106935,5.22724437456,-0.0583643209331,-0.00110702243458,0.0,435.7327157462491,435.15356169689653,434.40607164320096,435.3428281944232
2.880000000000002,0.690311023649,-0.0386288782056,19.1252942071,6.24725519919,0.00980598706713,0.0,0.385829444648,-0.191177348204,5.21675018613,-0.05119276602,-0.0261162948474,0.0,427.8722079108841,425.7374325785813,427.6410076998426,428.24929377556714
2.940000000000002,0.713233627575,-0.0509410247168,19.4436934213,6.24438599686,0.00822419630129,0.0,0.378446710637,-0.219533720997,5.39571163291,-0.0418102370908,-0.026861509776,0.0,485.8322709363852,485.77630584263187,484.83683849597406,485.5401457061552
3.000000000000002,0.735776024767,-0.0648922339017,19.7696123554,6.2418486023,0.00642524743267,0.0,0.373137802223,-0.245739738452,5.46789344786,-0.0432666571222,-0.037096132482,0.0,455.41336056116023,454.59358350051957,455.7798174657051,455.66246192901906
3.0600000000000023,0.758060773325,-0.0803083813446,20.096081865,6.23923056978,0.0044925372003,0.0,0.369852074712,-0.268349088,5.41466073637,-0.0443783898929,-0.0238968568332,0.0,415.7036010089599,416.858330661795,415.2622677698534,415.1635037073057
3.1200000000000023,0.780160541232,-0.0973050130565,20.423438935,6.23635622692,0.00289693888993,0.0,0.366960211645,-0.298461447826,5.49682880724,-0.0561033793104,-0.032619396158,0.0,459.3759715530356,458.6835353785259,458.811605543071,457.87826058942983
3.1800000000000024,0.802121979428,-0.116155136047,20.7554386809,6.23317194589,0.000828814446967,0.0,0.365287589954,-0.330179036139,5.56945179676,-0.0476105111887,-0.0384498952952,0.0,456.64743764535655,456.18155596908935,456.47455828677346,457.1501166524305
3.2400000000000024,0.824026656896,-0.136867789626,21.089786677,6.23086190378,6.28142165294,0.0,0.365084424532,-0.360464669289,5.57542837254,-0.0246704787639,-0.0550039982241,0.0,436.46989781955705,435.0847239085516,436.1775773801261,438.08865977082735
3.3000000000000025,0.845968762483,-0.159430062163,21.4243977947,6.22907088541,6.27828180819,0.0,0.366603470867,-0.391751081693,5.57823941638,-0.0430108067397,-0.0474603480993,0.0,435.7133544468511,436.3418319688979,435.8357928322945,434.29956353167483
3.3600000000000025,0.868067466135,-0.184012691493,21.7611453722,6.22620154483,6.27555636561,0.0,0.370290862821,-0.427914015145,5.64631407809,-0.0597869776571,-0.0416353867689,0.0,455.9471902660734,456.411254426686,456.8552677155961,455.51403869702403
3.4200000000000026,0.890418018778,-0.210666936668,22.0992275336,6.22250792455,6.2731750854,0.0,0.374934092224,-0.460871811116,5.62317056268,-0.0653646069133,-0.0360538285496,0.0,427.532820091476,428.0073390072832,428.4419478868101,427.9644888726172
3.4800000000000026,0.91314992995,-0.239734453545,22.4419703292,6.21865529631,6.27106983359,0.0,0.383029970131,-0.508430869901,5.80065452134,-0.0619977235362,-0.0332221534968,0.0,489.2983092290202,489.5086999070459,489.04178364342044,489.2899366938585
3.5400000000000027,0.936441434298,-0.271878683124,22.7974270578,6.21452740856,6.26914610096,0.0,0.393580058139,-0.56343696065,6.04657494029,-0.0880426178495,-0.0298381629381,0.0,509.9307418486852,510.1722221376196,511.4966984518484,509.6350644081258
3.6000000000000028,0.960261418403,-0.30669749315,23.1570685381,6.20932047381,6.26726194947,0.0,0.400559465198,-0.597603863041,5.94197638789,-0.0843752559522,-0.0347300458827,0.0,405.88223502585384,405.4424023166461,404.9294180936233,405.2522447645883
3.660000000000003,0.984561086039,-0.343790948079,23.5124259454,6.20443294292,6.2651178513,0.0,0.409605459381,-0.63926358081,5.90341255894,-0.0761880850908,-0.0378241274075,0.0,427.1773539259648,426.9127501851931,425.8094497220117,426.503707926229
3.720000000000003,1.00947889642,-0.383634872928,23.8676278518,6.20078337467,6.26353910783,0.0,0.4211562482,-0.689221441202,5.93641841988,-0.0406425938899,-0.00982486659026,0.0,448.1868964828547,450.456986325714,447.83775048587506,450.71721646612343
3.780000000000003,1.03515959638,-0.426736106183,24.2272036501,6.19943035623,6.26426605116,0.0,0.434826838848,-0.747620898308,6.04880956381,-8.03760308998e-05,0.0374070531217,0.0,472.92021885922554,476.54503682530066,471.631693742781,474.75452818029805
3.840000000000003,1.06154516252,-0.472954710616,24.5886594732,6.19931287356,6.26596973391,0.0,0.444523625966,-0.79302938089,5.99996105467,-0.0060063123568,-0.0037263242051,0.0,426.4950208722564,422.9666655957784,424.96440556557366,424.4560704021679
3.900000000000003,1.0885095524,-0.521986144752,24.9481861018,6.19888771446,6.26540209146,0.0,0.454319948416,-0.841395617074,5.98431482214,-0.00933789190552,-0.0245392815245,0.0,436.60595712159414,434.8657392457921,434.57084115978887,434.29153856019
3.960000000000003,1.11612073729,-0.574143855552,25.3093158135,6.19805156563,6.26447344477,0.0,0.466158333185,-0.897233695678,6.05294248391,-0.0252381157623,-0.00170110608105,0.0,460.4718219317429,462.27536695108853,462.16092556346035,460.9058438228445
4.020000000000002,1.14447671504,-0.629766856201,25.6756560617,6.196351047,6.26427668114,0.0,0.479043540354,-0.956985941308,6.15779072941,-0.0354110446531,-0.00663942260585,0.0,473.6491237170294,473.2691744201137,473.29991125353365,472.51598753845474
4.080000000000001,1.17352394039,-0.688615127996,26.0437273757,6.19367862104,6.26380993846,0.0,0.489235117609,-1.00482959894,6.11145626026,-0.0776740871513,-0.0101617309241,0.0,427.0942397057035,426.79375852799416,429.1266074826197,425.5213051532833
4.14,1.20331595026,-0.750966289744,26.4154118708,6.18909341441,6.26293671167,0.0,0.503893294705,-1.0739767108,6.27703028726,-0.0740245609108,-0.025229531811,0.0,492.99196849484326,491.87726940411176,490.973008288126,491.23974386105806
4.199999999999998,1.23390614579,-0.817086289409,26.791958378,6.18609415015,6.26176965039,0.0,0.515893967149,-1.13033125488,6.27445853312,-0.0233377250395,-0.00986269641302,0.0,441.87028575343436,443.13558044734333,441.48380850522204,445.6448594048238
4.259999999999997,1.2652766416,-0.886826391617,27.170314278,6.18446857226,6.26126955093,0.0,0.529832185165,-1.19445550702,6.33699969259,-0.0359218797393,-0.00544234126469,0.0,463.92303371209687,464.2701809499926,463.2122897281458,462.22124069978247
4.319999999999996,1.29738645815,-0.959974769283,27.5476363339,6.18243825044,6.26089079772,0.0,0.540530235746,-1.24403625551,6.24088277926,-0.0299685252437,-0.00811245119594,0.0,412.55109186906816,412.3153014416464,413.6868917895261,414.2103514937395
4.379999999999995,1.33017142704,-1.03625323718,27.9204096758,6.18052410054,6.26020380934,0.0,0.552352362137,-1.29876461076,6.1851441845,-0.0360810122307,-0.0191373209468,0.0,426.13314396533,425.18954526173854,426.0308497207066,425.50734088134516
4.439999999999993,1.3636556304,-1.1157491448,28.2888642703,6.17808010555,6.25923812948,0.0,0.563875244204,-1.35132595029,6.0970912748,-0.0521998749172,-0.0106149215366,0.0,414.3336407355969,415.08247693834414,414.626732917121,413.2067574713037
4.499999999999992,1.39791428457,-1.1987484988,28.6549338534,6.17483699411,6.25811747447,0.0,0.578145830916,-1.41560253708,6.10509878177,-0.0580383801648,-0.0442007448728,0.0,446.6623368021994,443.9141471267295,444.9391048163151,444.4588018503405
4.559999999999991,1.43313792688,-1.28601494918,29.0246661868,6.17148887339,6.25499378783,0.0,0.59625129218,-1.49357087193,6.21857767481,-0.0516690403436,-0.0764310809093,0.0,478.8388710280104,476.37834160506765,477.2995731539796,477.78363679762884
4.6199999999999894,1.46956158425,-1.37818705961,29.4025820006,6.16869334692,6.24981790171,0.0,0.618362883266,-1.57906214853,6.37759791466,-0.0379985039702,-0.128498198388,0.0,494.1742315378341,490.31373863494593,491.8337941131484,492.8443261427431
4.679999999999988,1.50724576369,-1.47489948866,29.784380282,6.16612552104,6.24221897915,0.0,0.63842346102,-1.64490991154,6.34904842967,-0.0547214901532,-0.123188353873,0.0,436.6921715322811,437.12004293283513,438.36486454096223,436.97156469005665
4.739999999999987,1.54619827716,-1.57543463092,30.1629582244,6.16335785953,6.2345419893,0.0,0.660584825634,-1.7065456199,6.27052513148,-0.0329095762009,-0.13974566191,0.0,421.0317340537134,419.58016742892175,420.2276712345584,422.11313114874946
4.799999999999986,1.58669063154,-1.67992272995,30.5385723768,6.16141474434,6.22665704472,0.0,0.689851700865,-1.77657827912,6.24992153917,-0.0313568981894,-0.118524229568,0.0,437.353264746843,439.1011819862702,440.00065614901973,440.12880859266807
4.859999999999984,1.62912118895,-1.78875378717,30.9137927514,6.16004966314,6.21945845989,0.0,0.7251308738,-1.85126906839,6.25724111044,-0.00951688249341,-0.123048409513,0.0,448.0941778504626,447.7132904768722,447.4478489567161,449.2226348364095
4.919999999999983,1.67378503166,-1.90206552503,31.2892324261,6.15964531207,6.21264547798,0.0,0.764279214319,-1.92584654463,6.25728345843,-0.00169363893696,-0.0992763119389,0.0,445.6520117086866,447.5795545645617,445.43476652198484,446.0743323147113
4.979999999999982,1.72076692211,-2.01960877766,31.6626165387,6.15940889339,6.20629408214,0.0,0.802280228639,-1.99234219321,6.18911917878,-0.00886215252915,-0.124164724095,0.0,425.73664071143855,423.59040665097586,424.0889503123671,423.4726828785871
5.0399999999999805,1.77123742706,-2.14289274769,32.0458771793,6.15886712309,6.19842432027,0.0,0.880996530403,-2.11693094593,6.58376770923,-0.00936633899125,-0.151254840674,0.0,558.8943805701945,557.113228792965,557.1970458474694,557.1642187005157
